"","BlobID","Compound.Name","Description","Group.Name","Constellation.Name","Inclusion","LRI.I","Library.RI","Library.ID","Library.Name","Library.NIST.ID","Library.Match.Factor","Library.Reverse.Match.Factor","Library.Probability","Review.Status","Internal.Standard","Retention.I..min.","Retention.II..sec.","Peak.Value","Volume","Quantifier.1.","Quantifier.2.","Quantifier.Response.1.","Quantifier.Response.2.","Volume.Ratio","File_num","Category","Filter_num","Filter_punches","IOP","AMZ_date","T_O_D","Date_num","Internal_load","External_load","r_date","LRI_diff","unique.analyte","comp.n","avgvol","avgdayvol","avgnightvol","max_vol","Day_dom","Day_night_diff","Day_night_diff_pct","n_Volume"
"1",1,"1202_1412_blob_1",NA,NA,NA,FALSE,1726.82926829268,1727,4,"tot_amz_1202_1412_t",0,973,973,95.75,NA,0,42.9719715618661,0.857187550503049,8525.716444961,163819.103508492,NA,NA,0,0,0,"GCxGC_20181202_0046","sample",394,4,1,"3/14/2014 6:00","Day",41712.25,12,0,2014-03-14 06:00:00,0.170731707316918,805,9,171527.359397361,124480.020742184,230336.532716332,324614.041817232,-105856.511974148,105856.511974148,0.850389575315,0.504658093628395
"2",36,"1202_1412_blob_41",NA,NA,NA,FALSE,1950,1950,14,"tot_amz_1202_1412_t",0,968,968,98.9899978637695,NA,0,49.4771280134453,1.25587943445795,1150.03844049899,20534.7285614415,NA,NA,0,0,0,"GCxGC_20181202_0046","sample",394,4,1,"3/14/2014 6:00","Day",41712.25,12,0,2014-03-14 06:00:00,0,805,9,17670.5663201791,13949.9188069425,22321.3757117249,45657.9581089502,-8371.45690478234,8371.45690478234,0.600107930421507,0.449751355775503
"3",5,"1202_1412_blob_6",NA,NA,NA,FALSE,1994.59459459459,1993,199,"tot_amz_1202_1412_t",0,972,972,97.1600036621094,NA,0,50.7325090830483,1.24591213735908,3808.83622336679,76985.1169274233,NA,NA,0,0,0,"GCxGC_20181202_0046","sample",394,4,1,"3/14/2014 6:00","Day",41712.25,12,0,2014-03-14 06:00:00,1.59459459459435,805,9,79106.9548815196,66631.4468646257,94701.339902637,166678.986217461,-28069.8930380113,28069.8930380113,0.421270951763069,0.461876560894024
"4",16,"1221_0832_blob_15",NA,NA,NA,FALSE,2100,2101,258,"tot_amz_1221_0832_t",0,947,947,98.5699996948242,NA,0,53.4715223258185,1.22597754316134,1994.0204469366,48572.6208723762,NA,NA,0,0,0,"GCxGC_20181202_0046","sample",394,4,1,"3/14/2014 6:00","Day",41712.25,12,0,2014-03-14 06:00:00,1,805,9,56761.9078368321,48176.8759744854,67493.1976647656,109740.394009462,-19316.3216902802,19316.3216902802,0.400945916470594,0.442613873503935
"5",24,"1221_0832_blob_22",NA,NA,NA,FALSE,1632.92682926829,1634,253,"tot_amz_1221_0832_t",0,927,927,98.5999984741211,NA,0,40.0427490661257,1.34558510834781,1692.87829603441,24808.1393065962,NA,NA,0,0,0,"GCxGC_20181202_0046","sample",394,4,1,"3/14/2014 6:00","Day",41712.25,12,0,2014-03-14 06:00:00,1.07317073170748,805,9,19751.2205943267,25924.8264947809,12034.2132187589,54521.2568359344,13890.613276022,13890.613276022,0.535803519410955,0.455017744386358
"6",32,"1221_0832_blob_33",NA,NA,NA,FALSE,1743.90243902439,1745,248,"tot_amz_1221_0832_t",0,903,904,96.5100021362305,NA,0,43.5045574701825,1.39542159384217,1271.6746456828,21022.2350863847,NA,NA,0,0,0,"GCxGC_20181202_0046","sample",394,4,1,"3/14/2014 6:00","Day",41712.25,12,0,2014-03-14 06:00:00,1.09756097560989,805,9,15410.0048951441,20095.4733420746,9553.16933648107,38531.5364096544,10542.3040055935,10542.3040055935,0.524610882567306,0.545585176331493
"7",39,"1221_0832_blob_42",NA,NA,NA,FALSE,1595.62841530055,1596,244,"tot_amz_1221_0832_t",0,868,870,97.5800018310547,NA,0,38.8634516977108,0.847220253404176,1024.26911613019,15405.9769016789,NA,NA,0,0,0,"GCxGC_20181202_0046","sample",394,4,1,"3/14/2014 6:00","Day",41712.25,12,0,2014-03-14 06:00:00,0.371584699453706,805,9,9078.39574192127,12841.5498939124,4374.45305193242,22306.1331900355,8467.09684197993,8467.09684197993,0.659351629042366,0.690661028983768
"8",566,"1221_0832_blob_684",NA,NA,NA,FALSE,1717.07317073171,1718,199,"tot_amz_1221_0832_t",0,844,845,97.4499969482422,NA,0,42.6676367571138,0.867154847601921,404.769886397757,8299.2087231049,NA,NA,0,0,0,"GCxGC_20181202_0046","sample",394,4,1,"3/14/2014 6:00","Day",41712.25,12,0,2014-03-14 06:00:00,0.926829268292522,805,9,9600.06546356584,7252.78799603084,12534.1622979846,17822.418545584,-5281.37430195375,5281.37430195375,0.728185396408117,0.465661195301759
"9",1,"1202_1412_blob_1",NA,NA,NA,FALSE,1728.0487804878,1727,4,"tot_amz_1202_1412_t",0,973,973,96.3000030517578,NA,0,43.0076634197757,0.857086881681329,10817.3242878849,276796.658520815,NA,NA,0,0,0,"GCxGC_20181202_0239","sample",395,4,1,"3/14/2014 18:00","Night",41712.75,12,0,2014-03-14 18:00:00,1.04878048780461,546,9,171527.359397361,124480.020742184,230336.532716332,324614.041817232,-105856.511974148,105856.511974148,0.850389575315,0.852694655386043
"10",24,"1202_1412_blob_41",NA,NA,NA,FALSE,1950,1950,14,"tot_amz_1202_1412_t",0,952,952,98.9899978637695,NA,0,49.4740185174219,1.25573194292846,1450.27467520908,23784.8940849806,NA,NA,0,0,0,"GCxGC_20181202_0239","sample",395,4,1,"3/14/2014 18:00","Night",41712.75,12,0,2014-03-14 18:00:00,0,546,9,17670.5663201791,13949.9188069425,22321.3757117249,45657.9581089502,-8371.45690478234,8371.45690478234,0.600107930421507,0.520936438467625
"11",4,"1202_1412_blob_6",NA,NA,NA,FALSE,1994.59459459459,1993,199,"tot_amz_1202_1412_t",0,975,975,97.7399978637695,NA,0,50.7292521540238,1.25573194292846,5188.87444388412,111309.396036897,NA,NA,0,0,0,"GCxGC_20181202_0239","sample",395,4,1,"3/14/2014 18:00","Night",41712.75,12,0,2014-03-14 18:00:00,1.59459459459481,546,9,79106.9548815196,66631.4468646257,94701.339902637,166678.986217461,-28069.8930380113,28069.8930380113,0.421270951763069,0.667807013726824
"12",12,"1221_0832_blob_15",NA,NA,NA,FALSE,2100,2101,258,"tot_amz_1221_0832_t",0,948,948,98.6800003051758,NA,0,53.4679437247916,1.22583356333492,3035.3746095025,81786.2496721162,NA,NA,0,0,0,"GCxGC_20181202_0239","sample",395,4,1,"3/14/2014 18:00","Night",41712.75,12,0,2014-03-14 18:00:00,1,546,9,56761.9078368321,48176.8759744854,67493.1976647656,109740.394009462,-19316.3216902802,19316.3216902802,0.400945916470594,0.745270239006651
"13",238,"1221_0832_blob_22",NA,NA,NA,FALSE,1632.92682926829,1634,253,"tot_amz_1221_0832_t",0,924,925,98.620002746582,NA,0,40.040747551444,1.34542708170906,592.177421981469,7154.20770751889,NA,NA,0,0,0,"GCxGC_20181202_0239","sample",395,4,1,"3/14/2014 18:00","Night",41712.75,12,0,2014-03-14 18:00:00,1.07317073170725,546,9,19751.2205943267,25924.8264947809,12034.2132187589,54521.2568359344,13890.613276022,13890.613276022,0.535803519410955,0.131218686484931
"14",578,"1221_0832_blob_33",NA,NA,NA,FALSE,1743.90243902439,1745,248,"tot_amz_1221_0832_t",0,906,907,96.3600006103516,NA,0,43.502149397831,1.38529158783378,348.100862711202,6302.49738398553,NA,NA,0,0,0,"GCxGC_20181202_0239","sample",395,4,1,"3/14/2014 18:00","Night",41712.75,12,0,2014-03-14 18:00:00,1.09756097561012,546,9,15410.0048951441,20095.4733420746,9553.16933648107,38531.5364096544,10542.3040055935,10542.3040055935,0.524610882567306,0.163567248317832
"15",598,"1221_0832_blob_42",NA,NA,NA,FALSE,1595.62841530055,1596,244,"tot_amz_1221_0832_t",0,888,891,97.9499969482422,NA,0,38.8615886806967,0.84712075515015,183.426062667742,2872.77873270687,NA,NA,0,0,0,"GCxGC_20181202_0239","sample",395,4,1,"3/14/2014 18:00","Night",41712.75,12,0,2014-03-14 18:00:00,0.371584699453251,546,9,9078.39574192127,12841.5498939124,4374.45305193242,22306.1331900355,8467.09684197993,8467.09684197993,0.659351629042366,0.12878873752938
"16",54,"1221_0832_blob_684",NA,NA,NA,FALSE,1717.07317073171,1718,199,"tot_amz_1221_0832_t",0,840,841,97.8399963378906,NA,0,42.6653269734298,0.867053008212507,676.876320617273,11909.9590198432,NA,NA,0,0,0,"GCxGC_20181202_0239","sample",395,4,1,"3/14/2014 18:00","Night",41712.75,12,0,2014-03-14 18:00:00,0.926829268292522,546,9,9600.06546356584,7252.78799603084,12534.1622979846,17822.418545584,-5281.37430195375,5281.37430195375,0.728185396408117,0.668257172245242
"17",2,"1202_1412_blob_1",NA,NA,NA,FALSE,1726.82926829268,1727,4,"tot_amz_1202_1412_t",0,963,963,94.4400024414062,NA,0,42.9565991401417,0.846568148178189,6340.02208674792,103979.510068008,NA,NA,0,0,0,"GCxGC_20181202_0430","sample",396,4,1,"3/15/2014 6:00","Day",41713.25,12,0,2014-03-15 06:00:00,0.170731707317145,746,9,171527.359397361,124480.020742184,230336.532716332,324614.041817232,-105856.511974148,105856.511974148,0.850389575315,0.32031735129484
"18",562,"1202_1412_blob_41",NA,NA,NA,FALSE,1948.9932885906,1950,14,"tot_amz_1202_1412_t",0,934,934,98.3199996948242,NA,0,49.4567485743593,1.26487240963094,482.499117024709,8060.79257663089,NA,NA,0,0,0,"GCxGC_20181202_0430","sample",396,4,1,"3/15/2014 6:00","Day",41713.25,12,0,2014-03-15 06:00:00,1.00671140939608,746,9,17670.5663201791,13949.9188069425,22321.3757117249,45657.9581089502,-8371.45690478234,8371.45690478234,0.600107930421507,0.176547373349374
"19",10,"1202_1412_blob_6",NA,NA,NA,FALSE,1993.28859060403,1993,199,"tot_amz_1202_1412_t",0,982,982,97.3899993896484,NA,0,50.7111633774539,1.24495315908557,2749.88902242016,44703.141444769,NA,NA,0,0,0,"GCxGC_20181202_0430","sample",396,4,1,"3/15/2014 6:00","Day",41713.25,12,0,2014-03-15 06:00:00,0.288590604027149,746,9,79106.9548815196,66631.4468646257,94701.339902637,166678.986217461,-28069.8930380113,28069.8930380113,0.421270951763069,0.26819902411961
"20",26,"1221_0832_blob_15",NA,NA,NA,FALSE,2100.74074074074,2101,258,"tot_amz_1221_0832_t",0,941,941,98.6900024414062,NA,0,53.4860809721784,1.2250339085402,1292.14666805556,35492.8260227764,NA,NA,0,0,0,"GCxGC_20181202_0430","sample",396,4,1,"3/15/2014 6:00","Day",41713.25,12,0,2014-03-15 06:00:00,0.259259259259125,746,9,56761.9078368321,48176.8759744854,67493.1976647656,109740.394009462,-19316.3216902802,19316.3216902802,0.400945916470594,0.323425356206721
"21",12,"1221_0832_blob_22",NA,NA,NA,FALSE,1632.92682926829,1634,253,"tot_amz_1221_0832_t",0,925,926,98.6100006103516,NA,0,40.0296312662543,1.3545090370851,2411.3113354044,32481.8340371554,NA,NA,0,0,0,"GCxGC_20181202_0430","sample",396,4,1,"3/15/2014 6:00","Day",41713.25,12,0,2014-03-15 06:00:00,1.07317073170748,746,9,19751.2205943267,25924.8264947809,12034.2132187589,54521.2568359344,13890.613276022,13890.613276022,0.535803519410955,0.595764586551991
"22",19,"1221_0832_blob_33",NA,NA,NA,FALSE,1743.90243902439,1745,248,"tot_amz_1221_0832_t",0,899,900,96.2099990844727,NA,0,43.4887751172122,1.39434753817584,1510.97090546042,26028.3060403198,NA,NA,0,0,0,"GCxGC_20181202_0430","sample",396,4,1,"3/15/2014 6:00","Day",41713.25,12,0,2014-03-15 06:00:00,1.09756097560967,746,9,15410.0048951441,20095.4733420746,9553.16933648107,38531.5364096544,10542.3040055935,10542.3040055935,0.524610882567306,0.675506571126454
"23",25,"1221_0832_blob_42",NA,NA,NA,FALSE,1595.62841530055,1596,244,"tot_amz_1221_0832_t",0,883,885,97.7699966430664,NA,0,38.8512416027411,0.856527773450874,1327.60172098968,16621.8225571938,NA,NA,0,0,0,"GCxGC_20181202_0430","sample",396,4,1,"3/15/2014 6:00","Day",41713.25,12,0,2014-03-15 06:00:00,0.371584699453706,746,9,9078.39574192127,12841.5498939124,4374.45305193242,22306.1331900355,8467.09684197993,8467.09684197993,0.659351629042366,0.745168264512068
"24",587,"1221_0832_blob_684",NA,NA,NA,FALSE,1718.29268292683,1718,199,"tot_amz_1221_0832_t",0,851,852,96.7900009155273,NA,0,42.6905111516065,0.876447023996243,264.476546962745,6395.17283494605,NA,NA,0,0,0,"GCxGC_20181202_0430","sample",396,4,1,"3/15/2014 6:00","Day",41713.25,12,0,2014-03-15 06:00:00,0.292682926829457,746,9,9600.06546356584,7252.78799603084,12534.1622979846,17822.418545584,-5281.37430195375,5281.37430195375,0.728185396408117,0.358827440764521
"25",1,"1202_1412_blob_1",NA,NA,NA,FALSE,1728.0487804878,1727,4,"tot_amz_1202_1412_t",0,964,964,95.3399963378906,NA,0,42.992542473273,0.856439131636049,8941.34430069756,193827.990371288,NA,NA,0,0,0,"GCxGC_20181202_0621","sample",397,4,1,"3/15/2014 18:00","Night",41713.75,12,0,2014-03-15 18:00:00,1.04878048780483,553,9,171527.359397361,124480.020742184,230336.532716332,324614.041817232,-105856.511974148,105856.511974148,0.850389575315,0.597102914236899
"26",26,"1202_1412_blob_41",NA,NA,NA,FALSE,1948.9932885906,1950,14,"tot_amz_1202_1412_t",0,932,932,98.9899978637695,NA,0,49.454010573,1.26474150834626,954.421379866544,17673.7861274319,NA,NA,0,0,0,"GCxGC_20181202_0621","sample",397,4,1,"3/15/2014 18:00","Night",41713.75,12,0,2014-03-15 18:00:00,1.00671140939585,553,9,17670.5663201791,13949.9188069425,22321.3757117249,45657.9581089502,-8371.45690478234,8371.45690478234,0.600107930421507,0.387091032088169
"27",4,"1202_1412_blob_6",NA,NA,NA,FALSE,1993.28859060403,1993,199,"tot_amz_1202_1412_t",0,982,982,97.5400009155273,NA,0,50.7082955570647,1.25478291379235,4380.24204612958,83695.1930004189,NA,NA,0,0,0,"GCxGC_20181202_0621","sample",397,4,1,"3/15/2014 18:00","Night",41713.75,12,0,2014-03-15 18:00:00,0.288590604026922,553,9,79106.9548815196,66631.4468646257,94701.339902637,166678.986217461,-28069.8930380113,28069.8930380113,0.421270951763069,0.502134041607527
"28",18,"1221_0832_blob_15",NA,NA,NA,FALSE,2100.74074074074,2101,258,"tot_amz_1221_0832_t",0,957,958,98.6800003051758,NA,0,53.4829259763592,1.21494853557672,2025.31011451874,53786.4748490645,NA,NA,0,0,0,"GCxGC_20181202_0621","sample",397,4,1,"3/15/2014 18:00","Night",41713.75,12,0,2014-03-15 18:00:00,0.259259259259125,553,9,56761.9078368321,48176.8759744854,67493.1976647656,109740.394009462,-19316.3216902802,19316.3216902802,0.400945916470594,0.490124674096092
"29",553,"1221_0832_blob_22",NA,NA,NA,FALSE,1632.92682926829,1634,253,"tot_amz_1221_0832_t",0,928,929,98.6399993896484,NA,0,40.0278688745747,1.35436885933143,535.731260440778,6851.81575182289,NA,NA,0,0,0,"GCxGC_20181202_0621","sample",397,4,1,"3/15/2014 18:00","Night",41713.75,12,0,2014-03-15 18:00:00,1.07317073170748,553,9,19751.2205943267,25924.8264947809,12034.2132187589,54521.2568359344,13890.613276022,13890.613276022,0.535803519410955,0.125672373482537
"30",577,"1221_0832_blob_33",NA,NA,NA,FALSE,1743.90243902439,1745,248,"tot_amz_1221_0832_t",0,917,918,95.9100036621094,NA,0,43.4866547397227,1.38424464299315,402.55288518779,7280.83951952986,NA,NA,0,0,0,"GCxGC_20181202_0621","sample",397,4,1,"3/15/2014 18:00","Night",41713.75,12,0,2014-03-15 18:00:00,1.09756097560989,553,9,15410.0048951441,20095.4733420746,9553.16933648107,38531.5364096544,10542.3040055935,10542.3040055935,0.524610882567306,0.18895793414834
"31",617,"1221_0832_blob_42",NA,NA,NA,FALSE,1595.62841530055,1596,244,"tot_amz_1221_0832_t",0,879,884,97.4100036621094,NA,0,38.8496011622716,0.846480537082141,158.401381815725,2172.85978543798,NA,NA,0,0,0,"GCxGC_20181202_0621","sample",397,4,1,"3/15/2014 18:00","Night",41713.75,12,0,2014-03-15 18:00:00,0.371584699453251,553,9,9078.39574192127,12841.5498939124,4374.45305193242,22306.1331900355,8467.09684197993,8467.09684197993,0.659351629042366,0.0974108675370338
"32",51,"1221_0832_blob_684",NA,NA,NA,FALSE,1718.29268292683,1718,199,"tot_amz_1221_0832_t",0,833,834,98.4000015258789,NA,0,42.688473386227,0.876356320743864,653.327349013649,12774.8253185884,NA,NA,0,0,0,"GCxGC_20181202_0621","sample",397,4,1,"3/15/2014 18:00","Night",41713.75,12,0,2014-03-15 18:00:00,0.292682926829002,553,9,9600.06546356584,7252.78799603084,12534.1622979846,17822.418545584,-5281.37430195375,5281.37430195375,0.728185396408117,0.716784048467635
"33",2,"1202_1412_blob_1",NA,NA,NA,FALSE,1726.82926829268,1727,4,"tot_amz_1202_1412_t",0,966,966,94.3000030517578,NA,0,42.9523573056695,0.846388207601701,6547.08857525745,126334.579563803,NA,NA,0,0,0,"GCxGC_20181202_0811","sample",398,4,1,"3/16/2014 6:00","Day",41714.25,12,0,2014-03-16 06:00:00,0.170731707317373,731,9,171527.359397361,124480.020742184,230336.532716332,324614.041817232,-105856.511974148,105856.511974148,0.850389575315,0.389183963997878
"34",34,"1202_1412_blob_41",NA,NA,NA,FALSE,1950.3355704698,1950,14,"tot_amz_1202_1412_t",0,959,959,98.9899978637695,NA,0,49.4891296039079,1.25464604891546,917.751514275558,17158.6596728631,NA,NA,0,0,0,"GCxGC_20181202_0811","sample",398,4,1,"3/16/2014 6:00","Day",41714.25,12,0,2014-03-16 06:00:00,0.335570469798995,731,9,17670.5663201791,13949.9188069425,22321.3757117249,45657.9581089502,-8371.45690478234,8371.45690478234,0.600107930421507,0.37580873923268
"35",9,"1202_1412_blob_6",NA,NA,NA,FALSE,1993.28859060403,1993,199,"tot_amz_1202_1412_t",0,974,974,97.0800018310547,NA,0,50.7052732873011,1.24468854059074,3346.81776579702,72598.7841486769,NA,NA,0,0,0,"GCxGC_20181202_0811","sample",398,4,1,"3/16/2014 6:00","Day",41714.25,12,0,2014-03-16 06:00:00,0.288590604026922,731,9,79106.9548815196,66631.4468646257,94701.339902637,166678.986217461,-28069.8930380113,28069.8930380113,0.421270951763069,0.435560509433142
"36",15,"1221_0832_blob_15",NA,NA,NA,FALSE,2100.74074074074,2101,258,"tot_amz_1221_0832_t",0,945,945,98.6900024414062,NA,0,53.4796010650418,1.21481601561656,2021.21625555214,44550.839848077,NA,NA,0,0,0,"GCxGC_20181202_0811","sample",398,4,1,"3/16/2014 6:00","Day",41714.25,12,0,2014-03-16 06:00:00,0.259259259259125,731,9,56761.9078368321,48176.8759744854,67493.1976647656,109740.394009462,-19316.3216902802,19316.3216902802,0.400945916470594,0.405965736228681
"37",26,"1221_0832_blob_22",NA,NA,NA,FALSE,1632.92682926829,1634,253,"tot_amz_1221_0832_t",0,925,925,98.5899963378906,NA,0,40.0260115675047,1.35422113216272,1331.37830435531,17251.2102425635,NA,NA,0,0,0,"GCxGC_20181202_0811","sample",398,4,1,"3/16/2014 6:00","Day",41714.25,12,0,2014-03-16 06:00:00,1.07317073170748,731,9,19751.2205943267,25924.8264947809,12034.2132187589,54521.2568359344,13890.613276022,13890.613276022,0.535803519410955,0.316412556197593
"38",38,"1221_0832_blob_33",NA,NA,NA,FALSE,1743.90243902439,1745,248,"tot_amz_1221_0832_t",0,910,911,96.1699981689453,NA,0,43.484420167154,1.39405116546163,787.981432514731,14109.7189934696,NA,NA,0,0,0,"GCxGC_20181202_0811","sample",398,4,1,"3/16/2014 6:00","Day",41714.25,12,0,2014-03-16 06:00:00,1.09756097561012,731,9,15410.0048951441,20095.4733420746,9553.16933648107,38531.5364096544,10542.3040055935,10542.3040055935,0.524610882567306,0.366186254382898
"39",49,"1221_0832_blob_42",NA,NA,NA,FALSE,1595.62841530055,1596,244,"tot_amz_1221_0832_t",0,900,903,97.4599990844727,NA,0,38.8478723742175,0.856345715926427,690.500061109196,8807.98660520618,NA,NA,0,0,0,"GCxGC_20181202_0811","sample",398,4,1,"3/16/2014 6:00","Day",41714.25,12,0,2014-03-16 06:00:00,0.371584699453706,731,9,9078.39574192127,12841.5498939124,4374.45305193242,22306.1331900355,8467.09684197993,8467.09684197993,0.659351629042366,0.394868376789791
"40",554,"1221_0832_blob_684",NA,NA,NA,FALSE,1718.29268292683,1718,199,"tot_amz_1221_0832_t",0,847,847,98.5199966430664,NA,0,42.6863258749272,0.866303224251153,539.82878383249,9340.72357305559,NA,NA,0,0,0,"GCxGC_20181202_0811","sample",398,4,1,"3/16/2014 6:00","Day",41714.25,12,0,2014-03-16 06:00:00,0.292682926829002,731,9,9600.06546356584,7252.78799603084,12534.1622979846,17822.418545584,-5281.37430195375,5281.37430195375,0.728185396408117,0.524099664092447
"41",1,"1202_1412_blob_1",NA,NA,NA,FALSE,1728.48484848485,1727,4,"tot_amz_1202_1412_t",0,969,969,96.2200012207031,NA,0,43.0276216321507,0.856313877032371,10956.8617208343,324614.041817232,NA,NA,0,0,0,"GCxGC_20181202_1221","sample",399,4,1,"3/16/2014 18:00","Night",41714.75,12,0,2014-03-16 18:00:00,1.4848484848485,678,9,171527.359397361,124480.020742184,230336.532716332,324614.041817232,-105856.511974148,105856.511974148,0.850389575315,1
"42",17,"1202_1412_blob_41",NA,NA,NA,FALSE,1950,1950,14,"tot_amz_1202_1412_t",0,952,952,98.9899978637695,NA,0,49.4881447392961,1.25459940123347,2576.99781489512,45657.9581089502,NA,NA,0,0,0,"GCxGC_20181202_1221","sample",399,4,1,"3/16/2014 18:00","Night",41714.75,12,0,2014-03-16 18:00:00,0,678,9,17670.5663201791,13949.9188069425,22321.3757117249,45657.9581089502,-8371.45690478234,8371.45690478234,0.600107930421507,1
"43",3,"1202_1412_blob_6",NA,NA,NA,FALSE,1994.59459459459,1993,199,"tot_amz_1202_1412_t",0,971,971,97.6600036621094,NA,0,50.7422462836243,1.25459940123347,6331.80070761441,166678.986217461,NA,NA,0,0,0,"GCxGC_20181202_1221","sample",399,4,1,"3/16/2014 18:00","Night",41714.75,12,0,2014-03-16 18:00:00,1.59459459459458,678,9,79106.9548815196,66631.4468646257,94701.339902637,166678.986217461,-28069.8930380113,28069.8930380113,0.421270951763069,1
"44",10,"1221_0832_blob_15",NA,NA,NA,FALSE,2101.47058823529,2101,258,"tot_amz_1221_0832_t",0,938,939,98.6600036621094,NA,0,53.5164709119868,1.22472798691839,3782.66452167323,109740.394009462,NA,NA,0,0,0,"GCxGC_20181202_1221","sample",399,4,1,"3/16/2014 18:00","Night",41714.75,12,0,2014-03-16 18:00:00,0.470588235294144,678,9,56761.9078368321,48176.8759744854,67493.1976647656,109740.394009462,-19316.3216902802,19316.3216902802,0.400945916470594,1
"45",21,"1221_0832_blob_22",NA,NA,NA,FALSE,1633.93939393939,1634,253,"tot_amz_1221_0832_t",0,926,927,98.6100006103516,NA,0,40.063381618284,1.34421364417872,1783.93119487073,33389.9771254761,NA,NA,0,0,0,"GCxGC_20181202_1221","sample",399,4,1,"3/16/2014 18:00","Night",41714.75,12,0,2014-03-16 18:00:00,0.0606060606060055,678,9,19751.2205943267,25924.8264947809,12034.2132187589,54521.2568359344,13890.613276022,13890.613276022,0.535803519410955,0.612421265818456
"46",28,"1221_0832_blob_33",NA,NA,NA,FALSE,1744.24242424242,1745,248,"tot_amz_1221_0832_t",0,898,899,95.9300003051758,NA,0,43.5216616344618,1.39399933470386,1235.7578694988,23435.3483593842,NA,NA,0,0,0,"GCxGC_20181202_1221","sample",399,4,1,"3/16/2014 18:00","Night",41714.75,12,0,2014-03-16 18:00:00,0.757575757575751,678,9,15410.0048951441,20095.4733420746,9553.16933648107,38531.5364096544,10542.3040055935,10542.3040055935,0.524610882567306,0.608212143689974
"47",38,"1221_0832_blob_42",NA,NA,NA,FALSE,1595.62841530055,1596,244,"tot_amz_1221_0832_t",0,903,908,97.9800033569336,NA,0,38.8472831510566,0.856313877032371,877.82936275797,11621.603315679,NA,NA,0,0,0,"GCxGC_20181202_1221","sample",399,4,1,"3/16/2014 18:00","Night",41714.75,12,0,2014-03-16 18:00:00,0.371584699453479,678,9,9078.39574192127,12841.5498939124,4374.45305193242,22306.1331900355,8467.09684197993,8467.09684197993,0.659351629042366,0.521004838295801
"48",34,"1221_0832_blob_684",NA,NA,NA,FALSE,1717.57575757576,1718,199,"tot_amz_1221_0832_t",0,839,840,98.4199981689453,NA,0,42.685593938243,0.876228153242427,990.310355719645,17822.418545584,NA,NA,0,0,0,"GCxGC_20181202_1221","sample",399,4,1,"3/16/2014 18:00","Night",41714.75,12,0,2014-03-16 18:00:00,0.424242424242493,678,9,9600.06546356584,7252.78799603084,12534.1622979846,17822.418545584,-5281.37430195375,5281.37430195375,0.728185396408117,1
"49",1,"1202_1412_blob_1",NA,NA,NA,FALSE,1727.27272727273,1727,4,"tot_amz_1202_1412_t",0,999,999,97.2799987792969,NA,0,42.9767092407035,0.855760868730223,8231.53804879519,153253.507578925,NA,NA,0,0,0,"GCxGC_20181202_1412","sample",400,4,1,"3/17/2014 6:00","Day",41715.25,12,0,2014-03-17 06:00:00,0.272727272727252,784,9,171527.359397361,124480.020742184,230336.532716332,324614.041817232,-105856.511974148,105856.511974148,0.850389575315,0.472109914657394
"50",41,"1202_1412_blob_41",NA,NA,NA,FALSE,1950.3355704698,1950,14,"tot_amz_1202_1412_t",0,999,999,98.9899978637695,NA,0,49.5090172053443,1.25378917976754,941.43203320168,17452.4144029105,NA,NA,0,0,0,"GCxGC_20181202_1412","sample",400,4,1,"3/17/2014 6:00","Day",41715.25,12,0,2014-03-17 06:00:00,0.33557046979854,784,9,17670.5663201791,13949.9188069425,22321.3757117249,45657.9581089502,-8371.45690478234,8371.45690478234,0.600107930421507,0.382242551479527
"51",6,"1202_1412_blob_6",NA,NA,NA,FALSE,1993.28859060403,1993,199,"tot_amz_1202_1412_t",0,999,999,98.3600006103516,NA,0,50.7243303150449,1.25378917976754,4547.65655659355,102203.976440698,NA,NA,0,0,0,"GCxGC_20181202_1412","sample",400,4,1,"3/17/2014 6:00","Day",41715.25,12,0,2014-03-17 06:00:00,0.288590604026922,784,9,79106.9548815196,66631.4468646257,94701.339902637,166678.986217461,-28069.8930380113,28069.8930380113,0.421270951763069,0.613178534139603
"52",9,"1221_0832_blob_15",NA,NA,NA,FALSE,2100.74074074074,2101,258,"tot_amz_1221_0832_t",0,947,947,98.5599975585938,NA,0,53.4967633465493,1.23388776421567,3555.85726156691,89088.3203710273,NA,NA,0,0,0,"GCxGC_20181202_1412","sample",400,4,1,"3/17/2014 6:00","Day",41715.25,12,0,2014-03-17 06:00:00,0.259259259259579,784,9,56761.9078368321,48176.8759744854,67493.1976647656,109740.394009462,-19316.3216902802,19316.3216902802,0.400945916470594,0.811809736744207
"53",10,"1221_0832_blob_22",NA,NA,NA,FALSE,1633.93939393939,1634,253,"tot_amz_1221_0832_t",0,926,927,98.4899978637695,NA,0,40.0523620704865,1.3632469653028,3514.24386910163,54521.2568359344,NA,NA,0,0,0,"GCxGC_20181202_1412","sample",400,4,1,"3/17/2014 6:00","Day",41715.25,12,0,2014-03-17 06:00:00,0.0606060606060055,784,9,19751.2205943267,25924.8264947809,12034.2132187589,54521.2568359344,13890.613276022,13890.613276022,0.535803519410955,1
"54",18,"1221_0832_blob_33",NA,NA,NA,FALSE,1744.24242424242,1745,248,"tot_amz_1221_0832_t",0,895,896,96.2699966430664,NA,0,43.5084087261976,1.40304979640653,2083.76082630875,38531.5364096544,NA,NA,0,0,0,"GCxGC_20181202_1412","sample",400,4,1,"3/17/2014 6:00","Day",41715.25,12,0,2014-03-17 06:00:00,0.757575757575751,784,9,15410.0048951441,20095.4733420746,9553.16933648107,38531.5364096544,10542.3040055935,10542.3040055935,0.524610882567306,1
"55",32,"1221_0832_blob_42",NA,NA,NA,FALSE,1596.72131147541,1596,244,"tot_amz_1221_0832_t",0,862,864,98.2300033569336,NA,0,38.875027495464,0.865711576506156,1404.40527591808,22306.1331900355,NA,NA,0,0,0,"GCxGC_20181202_1412","sample",400,4,1,"3/17/2014 6:00","Day",41715.25,12,0,2014-03-17 06:00:00,0.721311475409493,784,9,9078.39574192127,12841.5498939124,4374.45305193242,22306.1331900355,8467.09684197993,8467.09684197993,0.659351629042366,1
"56",574,"1221_0832_blob_684",NA,NA,NA,FALSE,1717.57575757576,1718,199,"tot_amz_1221_0832_t",0,852,853,96.6800003051758,NA,0,42.6728809632784,0.885612992058022,370.300947818439,8943.45019473845,NA,NA,0,0,0,"GCxGC_20181202_1412","sample",400,4,1,"3/17/2014 6:00","Day",41715.25,12,0,2014-03-17 06:00:00,0.424242424242266,784,9,9600.06546356584,7252.78799603084,12534.1622979846,17822.418545584,-5281.37430195375,5281.37430195375,0.728185396408117,0.501809009358857
"57",4,"1202_1412_blob_1",NA,NA,NA,FALSE,1727.27272727273,1727,4,"tot_amz_1202_1412_t",0,960,960,95.5,NA,0,42.979260938652,0.855870178187892,4257.20736384206,75013.4029916912,NA,NA,0,0,0,"GCxGC_20181202_1602","sample",401,4,1,"3/18/2014 6:00","Day",41716.25,12,0,2014-03-18 06:00:00,0.272727272727479,396,9,171527.359397361,124480.020742184,230336.532716332,324614.041817232,-105856.511974148,105856.511974148,0.850389575315,0.231084898767029
"58",553,"1202_1412_blob_41",NA,NA,NA,FALSE,1950,1950,14,"tot_amz_1202_1412_t",0,940,940,98.9899978637695,NA,0,49.4744199130046,1.26390130964956,399.879180607386,6542.99882086676,NA,NA,0,0,0,"GCxGC_20181202_1602","sample",401,4,1,"3/18/2014 6:00","Day",41716.25,12,0,2014-03-18 06:00:00,2.27373675443232e-13,396,9,17670.5663201791,13949.9188069425,22321.3757117249,45657.9581089502,-8371.45690478234,8371.45690478234,0.600107930421507,0.143304674406457
"59",11,"1202_1412_blob_6",NA,NA,NA,FALSE,1994.59459459459,1993,199,"tot_amz_1202_1412_t",0,971,971,96.9700012207031,NA,0,50.7278716448973,1.25394933083342,1849.6795338043,36666.2153615616,NA,NA,0,0,0,"GCxGC_20181202_1602","sample",401,4,1,"3/18/2014 6:00","Day",41716.25,12,0,2014-03-18 06:00:00,1.59459459459435,396,9,79106.9548815196,66631.4468646257,94701.339902637,166678.986217461,-28069.8930380113,28069.8930380113,0.421270951763069,0.219981031764402
"60",21,"1221_0832_blob_15",NA,NA,NA,FALSE,2100,2101,258,"tot_amz_1221_0832_t",0,947,947,98.5299987792969,NA,0,53.4626754235721,1.22409339438501,963.916293630842,23179.77275817,NA,NA,0,0,0,"GCxGC_20181202_1602","sample",401,4,1,"3/18/2014 6:00","Day",41716.25,12,0,2014-03-18 06:00:00,1,396,9,56761.9078368321,48176.8759744854,67493.1976647656,109740.394009462,-19316.3216902802,19316.3216902802,0.400945916470594,0.211223706342546
"61",755,"1221_0832_blob_22",NA,NA,NA,FALSE,1632.72727272727,1634,253,"tot_amz_1221_0832_t",0,845,854,96.8899993896484,NA,0,40.0165568450876,1.34351714017867,27.9834893163425,561.69205165508,NA,NA,0,0,0,"GCxGC_20181202_1602","sample",401,4,1,"3/18/2014 6:00","Day",41716.25,12,0,2014-03-18 06:00:00,1.27272727272725,396,9,19751.2205943267,25924.8264947809,12034.2132187589,54521.2568359344,13890.613276022,13890.613276022,0.535803519410955,0.0103022579495063
"62",747,"1221_0832_blob_33",NA,NA,NA,FALSE,1743.0303030303,1745,248,"tot_amz_1221_0832_t",0,740,769,72.6600036621094,NA,0,43.4730449542461,1.39327703425936,28.8558192239143,785.570180544498,NA,NA,0,0,0,"GCxGC_20181202_1602","sample",401,4,1,"3/18/2014 6:00","Day",41716.25,12,0,2014-03-18 06:00:00,1.96969696969677,396,9,15410.0048951441,20095.4733420746,9553.16933648107,38531.5364096544,10542.3040055935,10542.3040055935,0.524610882567306,0.0203877201311824
"63",687,"1221_0832_blob_42",NA,NA,NA,FALSE,1595.62841530055,1596,244,"tot_amz_1221_0832_t",0,886,892,97.5699996948242,NA,0,38.8390718848249,0.855870178187892,55.4782253126614,1065.8302154475,NA,NA,0,0,0,"GCxGC_20181202_1602","sample",401,4,1,"3/18/2014 6:00","Day",41716.25,12,0,2014-03-18 06:00:00,0.371584699453479,396,9,9078.39574192127,12841.5498939124,4374.45305193242,22306.1331900355,8467.09684197993,8467.09684197993,0.659351629042366,0.0477819354151274
"64",558,"1221_0832_blob_684",NA,NA,NA,FALSE,1717.57575757576,1718,199,"tot_amz_1221_0832_t",0,845,846,98.1600036621094,NA,0,42.6753938521326,0.885726114636307,197.560078390408,3285.38465430922,NA,NA,0,0,0,"GCxGC_20181202_1602","sample",401,4,1,"3/18/2014 6:00","Day",41716.25,12,0,2014-03-18 06:00:00,0.424242424242266,396,9,9600.06546356584,7252.78799603084,12534.1622979846,17822.418545584,-5281.37430195375,5281.37430195375,0.728185396408117,0.184340001100651
"65",3,"1202_1412_blob_1",NA,NA,NA,FALSE,1728.0487804878,1727,4,"tot_amz_1202_1412_t",0,964,964,94.6100006103516,NA,0,42.9836428834106,0.837742234413721,6909.66962284269,126107.440155994,NA,NA,0,0,0,"GCxGC_20181202_1753","sample",402,4,1,"3/17/2014 18:00","Night",41715.75,12,0,2014-03-17 18:00:00,1.04878048780483,375,9,171527.359397361,124480.020742184,230336.532716332,324614.041817232,-105856.511974148,105856.511974148,0.850389575315,0.388484242548561
"66",625,"1202_1412_blob_41",NA,NA,NA,FALSE,1948.9932885906,1950,14,"tot_amz_1202_1412_t",0,872,884,94.0400009155273,NA,0,49.4545367694674,1.24664022978232,79.8934863313334,2168.86452553685,NA,NA,0,0,0,"GCxGC_20181202_1753","sample",402,4,1,"3/17/2014 18:00","Night",41715.75,12,0,2014-03-17 18:00:00,1.0067114093963,375,9,17670.5663201791,13949.9188069425,22321.3757117249,45657.9581089502,-8371.45690478234,8371.45690478234,0.600107930421507,0.0475024424079905
"67",20,"1202_1412_blob_6",NA,NA,NA,FALSE,1993.28859060403,1993,199,"tot_amz_1202_1412_t",0,971,971,97.0400009155273,NA,0,50.7106514649961,1.23666710794406,1031.52865676256,17121.7843557712,NA,NA,0,0,0,"GCxGC_20181202_1753","sample",402,4,1,"3/17/2014 18:00","Night",41715.75,12,0,2014-03-17 18:00:00,0.288590604026695,375,9,79106.9548815196,66631.4468646257,94701.339902637,166678.986217461,-28069.8930380113,28069.8930380113,0.421270951763069,0.102723113118968
"68",27,"1221_0832_blob_15",NA,NA,NA,FALSE,2099.25925925926,2101,258,"tot_amz_1221_0832_t",0,946,946,98.629997253418,NA,0,53.4512653461495,1.20674774242929,876.284790912643,24659.6721284191,NA,NA,0,0,0,"GCxGC_20181202_1753","sample",402,4,1,"3/17/2014 18:00","Night",41715.75,12,0,2014-03-17 18:00:00,1.74074074074088,375,9,56761.9078368321,48176.8759744854,67493.1976647656,109740.394009462,-19316.3216902802,19316.3216902802,0.400945916470594,0.224709163394226
"69",728,"1221_0832_blob_22",NA,NA,NA,FALSE,1632.92682926829,1634,253,"tot_amz_1221_0832_t",0,843,850,96.379997253418,NA,0,40.014644512161,1.33639832632665,39.094372357009,740.852290217812,NA,NA,0,0,0,"GCxGC_20181202_1753","sample",402,4,1,"3/17/2014 18:00","Night",41715.75,12,0,2014-03-17 18:00:00,1.07317073170748,375,9,19751.2205943267,25924.8264947809,12034.2132187589,54521.2568359344,13890.613276022,13890.613276022,0.535803519410955,0.013588320101409
"70",720,"1221_0832_blob_33",NA,NA,NA,FALSE,1743.90243902439,1745,248,"tot_amz_1221_0832_t",0,853,860,93.9000015258789,NA,0,43.4784759452856,1.38626393551794,41.1198257450014,1193.99208302469,NA,NA,0,0,0,"GCxGC_20181202_1753","sample",402,4,1,"3/17/2014 18:00","Night",41715.75,12,0,2014-03-17 18:00:00,1.09756097560989,375,9,15410.0048951441,20095.4733420746,9553.16933648107,38531.5364096544,10542.3040055935,10542.3040055935,0.524610882567306,0.0309873987460703
"71",729,"1221_0832_blob_42",NA,NA,NA,FALSE,1595.62841530055,1596,244,"tot_amz_1221_0832_t",0,860,878,97.0500030517578,NA,0,38.8346579799978,0.837742234413721,39.7403051307192,830.570373905814,NA,NA,0,0,0,"GCxGC_20181202_1753","sample",402,4,1,"3/17/2014 18:00","Night",41715.75,12,0,2014-03-17 18:00:00,0.371584699453479,375,9,9078.39574192127,12841.5498939124,4374.45305193242,22306.1331900355,8467.09684197993,8467.09684197993,0.659351629042366,0.0372350674511728
"72",541,"1221_0832_blob_684",NA,NA,NA,FALSE,1718.29268292683,1718,199,"tot_amz_1221_0832_t",0,844,845,98.5400009155273,NA,0,42.6791302299491,0.867661599928497,479.895163115114,7629.4463079228,NA,NA,0,0,0,"GCxGC_20181202_1753","sample",402,4,1,"3/17/2014 18:00","Night",41715.75,12,0,2014-03-17 18:00:00,0.292682926829229,375,9,9600.06546356584,7252.78799603084,12534.1622979846,17822.418545584,-5281.37430195375,5281.37430195375,0.728185396408117,0.42808142387685
